                      ************************************
                      ****      Auto-Sensor Test      ****
                      ****  Wed Nov 07 13:48:50 2018  ****
                      ************************************
 
 
 
PROGRAM           AEwin for DiSP
THIS FILE         C:\Documents and Settings\USER\Desktop\TCC Sirino\teste.AST
 
 
PULSES OUTPUT     10
PULSE WIDTH       20 usec
PULSE INTERVAL    1000 msec
 
PULSER
 1
REC  #REC   DeltaT  AMP ENERGY  DURATION  COUNTS
  1    10        0   100   2267     19689    1259
  2    10      228   64    138      6715     230
  3    10      183   75    755     19558    1243
  4    10      268   66    866     21681    1421
  5    10      350   66    851     19924    1384
  6    10      440   62    337     13534     633
  7    10      316   75    759     18979    1174
  8    10      361   71    445     14782     739
  9    10      533   66    766     20907    1241
 10    10      824   66      6        37       3
 
PULSER
 2
REC  #REC   DeltaT  AMP ENERGY  DURATION  COUNTS
  1    10      200   69    361     13267     601
  2    10        0   100   1361      8579     266
  3    10       38   72    531     15123     946
  4    10      403   70    632     18377    1080
  5    10      281   64    643     17805    1085
  6    10      576   60    202      9538     341
  7    10      245   62    467     15432     818
  8    10      430   63    241     10452     394
  9    10      528   60    499     16467     877
 10    10     1001   61      0         1       1
 
PULSER
 3
REC  #REC   DeltaT  AMP ENERGY  DURATION  COUNTS
  1    10      181   78   1110     22539    1585
  2    10       74   70    372     12162     744
  3    10        0   100   4245     28743    2442
  4    10      367   78   1764     27590    2177
  5    10      276   76   1729     27178    2137
  6    10      278   66    739     20046    1330
  7    10      240   73   1470     25043    1926
  8    10      276   74    862     20288    1407
  9    10      444   70   1579     25761    2012
 10    10      692   75    633      6453     140
 
PULSER
 4
REC  #REC   DeltaT  AMP ENERGY  DURATION  COUNTS
  1    10      268   66    965     23116    1476
  2    10      433   64    277     11458     524
  3    10      367   76   1296     24207    1897
  4    10        0   100   4883     31839    2544
  5    10      171   86   2715     27369    2115
  6    10      172   76   1168     19660    1419
  7    10      497   70   1583     26685    1879
  8    10      627   69    841     20498    1285
  9    10      182   74   1896     27584    2034
 10    10      347   71    897      8660     208
 
PULSER
 5
REC  #REC   DeltaT  AMP ENERGY  DURATION  COUNTS
  1    10      347   68   1133     23253    1704
  2    10      281   59    358     14237     711
  3    10      276   75   1590     27398    2167
  4    10      171   88   3310     28956    2376
  5    10        0   100   6300     33317    2733
  6    10      166   78   1324     20837    1585
  7    10      474   70   1869     28819    2101
  8    10      527   67    969     22782    1504
  9    10      253   78   2300     27700    2185
 10    10      167   76   1044      8412     322
 
PULSER
 6
REC  #REC   DeltaT  AMP ENERGY  DURATION  COUNTS
  1    10      770   50     72      5274      48
  2    10      617   46      0        11       1
  3    10      447   54    113      6455     189
  4    10      268   67    397     12718     584
  5    10      174   69    359     11154     598
  6    10        0   100    840      7850     341
  7    10      379   50     69      3471     109
  8    10     1003   50     36      2490      34
  9    10      246   60    221      9783     354
 10    10      381   64      6        38       3
 
PULSER
 7
REC  #REC   DeltaT  AMP ENERGY  DURATION  COUNTS
  1    10      314   78   1210     23715    1608
  2    10      321   62    326     12844     640
  3    10      240   74   1567     25197    2041
  4    10      496   72   2164     28641    2242
  5    10      474   73   2066     29131    2187
  6    10      503   66    832     20259    1350
  7    10        0   100   4714     31702    2368
  8    10      112   79   1102     21352    1463
  9    10      667   76   2054     29048    2109
 10    10      900   73   1008      9040     248
 
PULSER
 8
REC  #REC   DeltaT  AMP ENERGY  DURATION  COUNTS
  1    10      360   76    820     20360    1212
  2    10      433   63    187      9126     299
  3    10      275   75   1024     22569    1592
  4    10      517   72   1306     24852    1742
  5    10      527   69   1255     24785    1717
  6    10      691   63    495     15726     892
  7    10      112   79   1255     24259    1567
  8    10        0   100   2094     22757    1431
  9    10      674   70   1218     23982    1561
 10    10     1106   69    481      5211      85
 
PULSER
 9
REC  #REC   DeltaT  AMP ENERGY  DURATION  COUNTS
  1    10      431   70   1107     21942    1628
  2    10      528   58    332     13472     652
  3    10      444   70   1560     26172    2047
  4    10      181   77   2410     30488    2309
  5    10      253   78   2390     29580    2218
  6    10      184   71    980     22487    1459
  7    10      667   76   1873     28175    2016
  8    10      674   69   1035     23520    1414
  9    10        0   100   5351     32361    2467
 10    10      119   78   1334      9988     346
 
PULSER
 10
REC  #REC   DeltaT  AMP ENERGY  DURATION  COUNTS
  1    10      453   71    878     20944    1396
  2    10      675   58    241     11011     451
  3    10      404   76   1194     23182    1787
  4    10      209   74   1786     27483    2008
  5    10      143   79   1700     25450    1980
  6    10      207   72    728     19181    1208
  7    10      606   71   1435     25571    1791
  8    10      650   68    810     20856    1191
  9    10       93   78   1792     26506    1848
 10    10        0   100   3225     10260     411
